0.93333334
0.93333334
0.93333334
0.93333334
1.0
0.8
1.0
0.8666667
0.93333334
0.93333334
0.93333334
0.8666667
0.93333334
0.93333334
1.0
0.8666667
0.73333335
0.93333334
1.0
1.0
1.0
0.93333334
0.8
0.9166667
0.93333334
0.93333334
0.93333334
0.93333334
1.0
0.8
1.0
0.8666667
0.93333334
0.93333334
0.93333334
0.8666667
0.93333334
0.93333334
1.0
0.8666667
0.73333335
0.93333334
1.0
1.0
1.0
0.93333334
0.8
0.9166667
0.93333334
0.93333334
0.93333334
0.93333334
1.0
0.8
1.0
0.8666667
0.93333334
0.93333334
0.93333334
0.8666667
0.93333334
0.93333334
1.0
0.8666667
0.73333335
0.93333334
1.0
1.0
1.0
0.93333334
0.8
0.9166667
0.93333334
0.93333334
0.93333334
0.93333334
1.0
0.8
1.0
0.8666667
0.93333334
0.93333334
0.93333334
0.8666667
0.93333334
0.93333334
1.0
0.8666667
0.73333335
0.93333334
1.0
1.0
1.0
0.93333334
0.8
0.9166667
0.93333334
0.93333334
0.93333334
0.93333334
1.0
0.8
1.0
0.8666667
0.93333334
0.93333334
0.93333334
0.8666667
0.93333334
0.93333334
1.0
0.8666667
0.73333335
0.93333334
1.0
1.0
1.0
0.93333334
0.8
0.9166667
0.93333334
0.93333334
0.93333334
0.93333334
1.0
0.8
1.0
0.8666667
0.93333334
0.93333334
0.93333334
0.8666667
0.93333334
0.93333334
1.0
0.8666667
0.73333335
0.93333334
1.0
1.0
1.0
0.93333334
0.8
0.9166667
0.93333334
0.93333334
0.93333334
0.93333334
1.0
0.8
0.9215557
